614101
300501
302301
6469441
447701
6092587
6251252
4121921
4666999
6273851
4114309
4181134
6249809
6174925
6321305
6378120
6360104
4142865
6019155
300221
6129995
614123
4206482
6307924
614124
6130007
6210270
403226
6279875
302326
300426
6156991
6114987
4593678
6228588
6313116
6000650
6016172
6117973
6344819
6121485
6271346
302226
242026
4124096
368026
6211476
6089119
362326
362226
6154860
6168620
6327548
302126
6426359
6162892
371026
301026
243126
6483080
6439175
300126
4560182
302026
6350415
4116854
36662626
389426
300926
6484084
379526
6170702
303426
6037390
4514845
6240515
4527943
4165967
4621548
6021623
6314247
6311890
4550169
6315781
6167936
6267492
6448315
6210310
4585479
4216581
4221744
6138664
6092590
6236915
4211210
4211152
4211525
4211483
6217791
6176433
6475652
4509915
6167798
6336539
4211415
6225252
4211476
4211399
6308012
6267495
6345639
6362975
4550170
6306729
6163478
4211508
6306728
6163477
6335378
6248890
6227897
4211794
6225142
4211732
4211735
4514195
4568637
6472350
6472351
6052204
4540203
4211526
4657459
6186657
6093859
6028813
6092111
4211388
4211614
4211398
6134378
6066097
4211350
6043656
6213378
6319333
4211568
6217876
4244627
6360043
4282786
4282789
4258275
4258273
6102357
4211353
4211397
6126082
6177078
6212077
4211413
4567448
6185676
4515369
6261387
6070564
6484083
4211428
6211969
4558169
4211361
4211429
6435930
4645412
4507056
6171894
4211445
4211441
6257593
4211394
4211356
4160560
6303438
6472349
4211395
4211517
4211393
4211438
4211549
4612621
4243797
6015349
4211452
4211425
4211392
4211404
4211474
4251149
4211407
4211402
6231765
6439040
4211098
4504378
4210849
6344022
6413106